      x:        approx:     exact:      relative error:
      0.0000000      0.0000000      0.0000000            NAN
    0.010000000     0.16133359    0.085163036     0.89440863
    0.020000000     0.22928889     0.16127015     0.42176890
    0.030000000     0.28983601     0.22918314     0.26464804
    0.040000000     0.34367993     0.28968177     0.18640510
    0.050000000     0.39145854     0.34347161     0.13971149
    0.060000000     0.43374903     0.39119109     0.10879069
    0.070000000     0.47107368     0.43341787    0.086881056
    0.080000000     0.50390503     0.47067467    0.070601550
    0.090000000     0.53267068     0.50343443    0.058073618
     0.10000000     0.55775755     0.53212510    0.048169965
     0.11000000     0.57951570     0.55713391    0.040173083
     0.12000000     0.59826191     0.57881124    0.033604512
     0.13000000     0.61428280     0.59747411    0.028132913
     0.14000000     0.62783772     0.61340939    0.023521526
     0.15000000     0.63916134     0.62687665    0.019596656
     0.16000000     0.64846599     0.63811075    0.016227973
     0.17000000     0.65594381     0.64732419    0.013315762
     0.18000000     0.66176864     0.65470928    0.010782427
     0.19000000     0.66609778     0.66044001   0.0085666767
     0.20000000     0.66907357     0.66467380   0.0066194531
     0.21000000     0.67082480     0.66755311   0.0049010254
     0.22000000     0.67146800     0.66920683   0.0033788745
     0.23000000     0.67110860     0.66975160   0.0020261302
     0.24000000     0.66984203     0.66929294  0.00082039805
     0.25000000     0.66775461     0.66792635  0.00025713150
     0.26000000     0.66492445     0.66573823   0.0012223693
     0.27000000     0.66142223     0.66280675   0.0020888611
     0.28000000     0.65731192     0.65920265   0.0028682071
     0.29000000     0.65265137     0.65498995   0.0035703951
     0.30000000     0.64749296     0.65022655   0.0042040668
     0.31000000     0.64188405     0.64496487   0.0047767332
     0.32000000     0.63586752     0.63925232   0.0052949497
     0.33000000     0.62948215     0.63313181   0.0057644592
     0.34000000     0.62276306     0.62664217   0.0061903106
     0.35000000     0.61574199     0.61981851   0.0065769571
     0.36000000     0.60844768     0.61269262   0.0069283379
     0.37000000     0.60090614     0.60529327   0.0072479469
     0.38000000     0.59314089     0.59764648   0.0075388914
     0.39000000     0.58517322     0.58977579   0.0078039404
     0.40000000     0.57702239     0.58170252   0.0080455677
     0.41000000     0.56870584     0.57344594   0.0082659867
     0.42000000     0.56023933     0.56502349   0.0084671822
     0.43000000     0.55163714     0.55645096   0.0086509367
     0.44000000     0.54291217     0.54774264   0.0088188533
     0.45000000     0.53407612     0.53891143   0.0089723761
     0.46000000     0.52513954     0.52996905   0.0091128075
     0.47000000     0.51611201     0.52092606   0.0092413239
     0.48000000     0.50700219     0.51179204   0.0093589885
     0.49000000     0.49781790     0.50257566   0.0094667636
     0.50000000     0.48856623     0.49328475   0.0095655211
     0.51000000     0.47925359     0.48392641   0.0096560513
     0.52000000     0.46988579     0.47450704   0.0097390717
     0.53000000     0.46046807     0.46503247   0.0098152337
     0.54000000     0.45100518     0.45550794   0.0098851292
     0.55000000     0.44150143     0.44593820   0.0099492969
     0.56000000     0.43196070     0.43632756    0.010008227
     0.57000000     0.42238650     0.42667991    0.010062365
     0.58000000     0.41278204     0.41699878    0.010112117
     0.59000000     0.40315018     0.40728734    0.010157856
     0.60000000     0.39349353     0.39754849    0.010199917
     0.61000000     0.38381445     0.38778483    0.010238611
     0.62000000     0.37411508     0.37799872    0.010274217
     0.63000000     0.36439734     0.36819230    0.010306994
     0.64000000     0.35466299     0.35836750    0.010337176
     0.65000000     0.34491361     0.34852607    0.010364978
     0.66000000     0.33515062     0.33866960    0.010390596
     0.67000000     0.32537532     0.32879951    0.010414209
     0.68000000     0.31558888     0.31891710    0.010435982
     0.69000000     0.30579237     0.30902354    0.010456065
     0.70000000     0.29598674     0.29911990    0.010474596
     0.71000000     0.28617285     0.28920713    0.010491700
     0.72000000     0.27635151     0.27928610    0.010507493
     0.73000000     0.26652340     0.26935760    0.010522080
     0.74000000     0.25668918     0.25942234    0.010535559
     0.75000000     0.24684944     0.24948097    0.010548018
     0.76000000     0.23700468     0.23953405    0.010559538
     0.77000000     0.22715540     0.22958213    0.010570195
     0.78000000     0.21730202     0.21962568    0.010580057
     0.79000000     0.20744494     0.20966512    0.010589187
     0.80000000     0.19758450     0.19970086    0.010597642
     0.81000000     0.18772102     0.18973323    0.010605475
     0.82000000     0.17785480     0.17976257    0.010612736
     0.83000000     0.16798609     0.16978917    0.010619468
     0.84000000     0.15811514     0.15981327    0.010625714
     0.85000000     0.14824215     0.14983512    0.010631510
     0.86000000     0.13836732     0.13985494    0.010636891
     0.87000000     0.12849082     0.12987291    0.010641890
     0.88000000     0.11861281     0.11988922    0.010646535
     0.89000000     0.10873345     0.10990402    0.010650854
     0.90000000    0.098852843    0.099917450    0.010654871
     0.91000000    0.088971123    0.089929648    0.010658609
     0.92000000    0.079088393    0.079940729    0.010662090
     0.93000000    0.069204749    0.069950798    0.010665332
     0.94000000    0.059320278    0.059959952    0.010668354
     0.95000000    0.049435058    0.049968278    0.010671171
     0.96000000    0.039549161    0.039975855    0.010673800
     0.97000000    0.029662651    0.029982754    0.010676253
     0.98000000    0.019775586    0.019989040    0.010678545
     0.99000000   0.0098880202   0.0099947712    0.010680686
      1.0000000      0.0000000  5.8885730E-18      1.0000000
      1.0000000      0.0000000  5.8885730E-18      1.0000000
