      x:        approx:     exact:      relative error:
      0.0000000      0.0000000      0.0000000            NAN
     0.10000000     0.62868157     0.53212510     0.18145446
     0.20000000     0.62374735     0.66467380    0.061573732
     0.30000000     0.56902606     0.65022655     0.12488030
     0.40000000     0.49598914     0.58170252     0.14734917
     0.50000000     0.41621426     0.49328475     0.15623935
     0.60000000     0.33396064     0.39754849     0.15994992
     0.70000000     0.25079513     0.29911990     0.16155651
     0.80000000     0.16729416     0.19970086     0.16227621
     0.90000000    0.083669780    0.099917450     0.16261094
      1.0000000      0.0000000  5.8885730E-18      1.0000000
      1.0000000      0.0000000  5.8885730E-18      1.0000000
