     x:             approx:        exact:         relative error:
      0.0000000      0.0000000      0.0000000            NAN
   0.0010000000    0.017803266   0.0089502117     0.98914471
   0.0020000000    0.026557377    0.017801417     0.49186866
   0.0030000000    0.035214443    0.026554603     0.32611448
   0.0040000000    0.043775430    0.035210742     0.24324076
   0.0050000000    0.052241294    0.043770802     0.19351923
   0.0060000000    0.060612982    0.052235739     0.16037379
   0.0070000000    0.068891431    0.060606498     0.13670041
   0.0080000000    0.077077568    0.068884017     0.11894705
   0.0090000000    0.085172311    0.077069223     0.10514039
    0.010000000    0.093176571    0.085163036    0.094096401
    0.011000000     0.10109125    0.093166364    0.085061639
    0.012000000     0.10891723     0.10108011    0.077533792
    0.013000000     0.11665541     0.10890516    0.071165112
    0.014000000     0.12430665     0.11664240    0.065707205
    0.015000000     0.13187181     0.12429270    0.060977915
    0.016000000     0.13935177     0.13185694    0.056840628
    0.017000000     0.14674736     0.13933596    0.053190871
    0.018000000     0.15405942     0.14673061    0.049947389
    0.019000000     0.16128878     0.15404173    0.047046033
    0.020000000     0.16843627     0.16127015    0.044435484
    0.021000000     0.17550271     0.16841671    0.042074198
    0.022000000     0.18248889     0.17548220    0.039928185
    0.023000000     0.18939561     0.18246744    0.037969364
    0.024000000     0.19622368     0.18937323    0.036174336
    0.025000000     0.20297386     0.19620035    0.034523446
    0.026000000     0.20964694     0.20294959    0.033000063
    0.027000000     0.21624369     0.20962173    0.031590018
    0.028000000     0.22276485     0.21621753    0.030281169
    0.029000000     0.22921119     0.22273775    0.029063045
    0.030000000     0.23558344     0.22918314    0.027926575
    0.031000000     0.24188235     0.23555445    0.026863857
    0.032000000     0.24810865     0.24185242    0.025867974
    0.033000000     0.25426305     0.24807776    0.024932853
    0.034000000     0.26034628     0.25423122    0.024053130
    0.035000000     0.26635903     0.26031350    0.023224057
    0.036000000     0.27230202     0.26632531    0.022441413
    0.037000000     0.27817594     0.27226735    0.021701434
    0.038000000     0.28398147     0.27814032    0.021000750
    0.039000000     0.28971930     0.28394490    0.020336339
    0.040000000     0.29539009     0.28968177    0.019705480
    0.041000000     0.30099452     0.29535161    0.019105718
    0.042000000     0.30653324     0.30095509    0.018534831
    0.043000000     0.31200691     0.30649286    0.017990805
    0.044000000     0.31741618     0.31196558    0.017471807
    0.045000000     0.32276168     0.31737389    0.016976170
    0.046000000     0.32804406     0.32271844    0.016502368
    0.047000000     0.33326394     0.32799987    0.016049009
    0.048000000     0.33842194     0.33321879    0.015614814
    0.049000000     0.34351867     0.33837583    0.015198610
    0.050000000     0.34855476     0.34347161    0.014799317
    0.051000000     0.35353079     0.34850674    0.014415940
    0.052000000     0.35844737     0.35348181    0.014047561
    0.053000000     0.36330509     0.35839744    0.013693330
    0.054000000     0.36810454     0.36325420    0.013352461
    0.055000000     0.37284629     0.36805269    0.013024225
    0.056000000     0.37753092     0.37279348    0.012707945
    0.057000000     0.38215900     0.37747715    0.012402992
    0.058000000     0.38673108     0.38210427    0.012108779
    0.059000000     0.39124774     0.38667539    0.011824760
    0.060000000     0.39570951     0.39119109    0.011550426
    0.061000000     0.40011695     0.39565190    0.011285299
    0.062000000     0.40447059     0.40005838    0.011028933
    0.063000000     0.40877098     0.40441106    0.010780912
    0.064000000     0.41301864     0.40871048    0.010540845
    0.065000000     0.41721409     0.41295717    0.010308362
    0.066000000     0.42135785     0.41715166    0.010083121
    0.067000000     0.42545045     0.42129446   0.0098647954
    0.068000000     0.42949238     0.42538609   0.0096530809
    0.069000000     0.43348416     0.42942706   0.0094476896
    0.070000000     0.43742627     0.43341787   0.0092483503
    0.071000000     0.44131923     0.43735903   0.0090548069
    0.072000000     0.44516351     0.44125101   0.0088668179
    0.073000000     0.44895959     0.44509432   0.0086841547
    0.074000000     0.45270797     0.44888944   0.0085066011
    0.075000000     0.45640911     0.45263685   0.0083339525
    0.076000000     0.46006348     0.45633702   0.0081660152
    0.077000000     0.46367155     0.45999043   0.0080026052
    0.078000000     0.46723378     0.46359753   0.0078435483
    0.079000000     0.47075063     0.46715879   0.0076886790
    0.080000000     0.47422254     0.47067467   0.0075378399
    0.081000000     0.47764997     0.47414561   0.0073908815
    0.082000000     0.48103335     0.47757207   0.0072476618
    0.083000000     0.48437313     0.48095448   0.0071080452
    0.084000000     0.48766974     0.48429329   0.0069719030
    0.085000000     0.49092360     0.48758893   0.0068391122
    0.086000000     0.49413515     0.49084182   0.0067095557
    0.087000000     0.49730481     0.49405240   0.0065831218
    0.088000000     0.50043298     0.49722108   0.0064597038
    0.089000000     0.50352010     0.50034829   0.0063391998
    0.090000000     0.50656655     0.50343443   0.0062215126
    0.091000000     0.50957275     0.50647991   0.0061065489
    0.092000000     0.51253910     0.50948514   0.0059942197
    0.093000000     0.51546600     0.51245051   0.0058844399
    0.094000000     0.51835383     0.51537643   0.0057771279
    0.095000000     0.52120299     0.51826329   0.0056722056
    0.096000000     0.52401385     0.52111147   0.0055695980
    0.097000000     0.52678681     0.52392137   0.0054692333
    0.098000000     0.52952224     0.52669335   0.0053710427
    0.099000000     0.53222051     0.52942780   0.0052749600
     0.10000000     0.53488200     0.53212510   0.0051809219
     0.10100000     0.53750706     0.53478561   0.0050888673
     0.10200000     0.54009606     0.53740969   0.0049987378
     0.10300000     0.54264936     0.53999772   0.0049104770
     0.10400000     0.54516732     0.54255004   0.0048240309
     0.10500000     0.54765028     0.54506702   0.0047393473
     0.10600000     0.55009860     0.54754900   0.0046563761
     0.10700000     0.55251261     0.54999634   0.0045750693
     0.10800000     0.55489267     0.55240938   0.0044953802
     0.10900000     0.55723910     0.55478845   0.0044172643
     0.11000000     0.55955225     0.55713391   0.0043406783
     0.11100000     0.56183244     0.55944608   0.0042655807
     0.11200000     0.56408000     0.56172529   0.0041919315
     0.11300000     0.56629526     0.56397187   0.0041196919
     0.11400000     0.56847854     0.56618615   0.0040488247
     0.11500000     0.57063016     0.56836845   0.0039792939
     0.11600000     0.57275042     0.57051909   0.0039110648
     0.11700000     0.57483965     0.57263837   0.0038441036
     0.11800000     0.57689815     0.57472662   0.0037783781
     0.11900000     0.57892623     0.57678414   0.0037138568
     0.12000000     0.58092419     0.57881124   0.0036505094
     0.12100000     0.58289233     0.58080821   0.0035883067
     0.12200000     0.58483095     0.58277537   0.0035272202
     0.12300000     0.58674034     0.58471301   0.0034672226
     0.12400000     0.58862079     0.58662141   0.0034082873
     0.12500000     0.59047258     0.58850088   0.0033503887
     0.12600000     0.59229602     0.59035169   0.0032935018
     0.12700000     0.59409137     0.59217414   0.0032376025
     0.12800000     0.59585892     0.59396851   0.0031826676
     0.12900000     0.59759893     0.59573507   0.0031286743
     0.13000000     0.59931170     0.59747411   0.0030756008
     0.13100000     0.60099749     0.59918589   0.0030234258
     0.13200000     0.60265656     0.60087069   0.0029721286
     0.13300000     0.60428918     0.60252878   0.0029216894
     0.13400000     0.60589562     0.60416042   0.0028720887
     0.13500000     0.60747613     0.60576587   0.0028233076
     0.13600000     0.60903098     0.60734540   0.0027753279
     0.13700000     0.61056042     0.60889926   0.0027281319
     0.13800000     0.61206470     0.61042771   0.0026817023
     0.13900000     0.61354407     0.61193101   0.0026360224
     0.14000000     0.61499878     0.61340939   0.0025910759
     0.14100000     0.61642908     0.61486312   0.0025468471
     0.14200000     0.61783521     0.61629243   0.0025033206
     0.14300000     0.61921740     0.61769757   0.0024604815
     0.14400000     0.62057591     0.61907878   0.0024183152
     0.14500000     0.62191095     0.62043629   0.0023768077
     0.14600000     0.62322278     0.62177035   0.0023359453
     0.14700000     0.62451161     0.62308119   0.0022957146
     0.14800000     0.62577767     0.62436903   0.0022561025
     0.14900000     0.62702120     0.62563411   0.0022170966
     0.15000000     0.62824242     0.62687665   0.0021786844
     0.15100000     0.62944154     0.62809688   0.0021408540
     0.15200000     0.63061879     0.62929501   0.0021035937
     0.15300000     0.63177440     0.63047128   0.0020668922
     0.15400000     0.63290856     0.63162589   0.0020307384
     0.15500000     0.63402149     0.63275906   0.0019951214
     0.15600000     0.63511342     0.63387101   0.0019600309
     0.15700000     0.63618454     0.63496195   0.0019254566
     0.15800000     0.63723506     0.63603207   0.0018913885
     0.15900000     0.63826519     0.63708161   0.0018578168
     0.16000000     0.63927513     0.63811075   0.0018247322
     0.16100000     0.64026508     0.63911970   0.0017921252
     0.16200000     0.64123524     0.64010866   0.0017599870
     0.16300000     0.64218581     0.64107783   0.0017283087
     0.16400000     0.64311698     0.64202740   0.0016970817
     0.16500000     0.64402894     0.64295758   0.0016662977
     0.16600000     0.64492189     0.64386856   0.0016359484
     0.16700000     0.64579602     0.64476052   0.0016060259
     0.16800000     0.64665151     0.64563365   0.0015765224
     0.16900000     0.64748854     0.64648815   0.0015474303
     0.17000000     0.64830731     0.64732419   0.0015187421
     0.17100000     0.64910799     0.64814197   0.0014904506
     0.17200000     0.64989077     0.64894166   0.0014625488
     0.17300000     0.65065582     0.64972344   0.0014350296
     0.17400000     0.65140331     0.65048750   0.0014078863
     0.17500000     0.65213343     0.65123400   0.0013811124
     0.17600000     0.65284634     0.65196313   0.0013547013
     0.17700000     0.65354222     0.65267505   0.0013286467
     0.17800000     0.65422124     0.65336993   0.0013029424
     0.17900000     0.65488356     0.65404796   0.0012775825
     0.18000000     0.65552935     0.65470928   0.0012525610
     0.18100000     0.65615877     0.65535408   0.0012278722
     0.18200000     0.65677199     0.65598251   0.0012035103
     0.18300000     0.65736917     0.65659474   0.0011794700
     0.18400000     0.65795047     0.65719093   0.0011557457
     0.18500000     0.65851605     0.65777123   0.0011323321
     0.18600000     0.65906606     0.65833581   0.0011092242
     0.18700000     0.65960065     0.65888483   0.0010864169
     0.18800000     0.66011999     0.65941843   0.0010639051
     0.18900000     0.66062422     0.65993677   0.0010416841
     0.19000000     0.66111349     0.66044001   0.0010197490
     0.19100000     0.66158795     0.66092828  0.00099809535
     0.19200000     0.66204776     0.66140175  0.00097671846
     0.19300000     0.66249305     0.66186056  0.00095561390
     0.19400000     0.66292397     0.66230486  0.00093477731
     0.19500000     0.66334066     0.66273478  0.00091420441
     0.19600000     0.66374326     0.66315048  0.00089389101
     0.19700000     0.66413192     0.66355209  0.00087383301
     0.19800000     0.66450677     0.66393975  0.00085402637
     0.19900000     0.66486796     0.66431361  0.00083446717
     0.20000000     0.66521561     0.66467380  0.00081515153
     0.20100000     0.66554986     0.66502045  0.00079607567
     0.20200000     0.66587084     0.66535371  0.00077723588
     0.20300000     0.66617869     0.66567370  0.00075862852
     0.20400000     0.66647354     0.66598055  0.00074025003
     0.20500000     0.66675552     0.66627440  0.00072209689
     0.20600000     0.66702475     0.66655538  0.00070416569
     0.20700000     0.66728136     0.66682362  0.00068645307
     0.20800000     0.66752548     0.66707923  0.00066895571
     0.20900000     0.66775723     0.66732235  0.00065167039
     0.21000000     0.66797673     0.66755311  0.00063459393
     0.21100000     0.66818411     0.66777161  0.00061772321
     0.21200000     0.66837949     0.66797800  0.00060105519
     0.21300000     0.66856298     0.66817238  0.00058458685
     0.21400000     0.66873471     0.66835487  0.00056831527
     0.21500000     0.66889479     0.66852560  0.00055223754
     0.21600000     0.66904333     0.66868469  0.00053635084
     0.21700000     0.66918046     0.66883223  0.00052065238
     0.21800000     0.66930629     0.66896837  0.00050513944
     0.21900000     0.66942092     0.66909319  0.00048980933
     0.22000000     0.66952447     0.66920683  0.00047465941
     0.22100000     0.66961706     0.66930938  0.00045968711
     0.22200000     0.66969878     0.66940097  0.00044488988
     0.22300000     0.66976975     0.66948169  0.00043026524
     0.22400000     0.66983007     0.66955167  0.00041581072
     0.22500000     0.66987986     0.66961099  0.00040152394
     0.22600000     0.66991920     0.66965978  0.00038740252
     0.22700000     0.66994822     0.66969813  0.00037344414
     0.22800000     0.66996701     0.66972614  0.00035964653
     0.22900000     0.66997567     0.66974393  0.00034600744
     0.23000000     0.66997431     0.66975160  0.00033252467
     0.23100000     0.66996302     0.66974924  0.00031919607
     0.23200000     0.66994190     0.66973695  0.00030601950
     0.23300000     0.66991105     0.66971483  0.00029299287
     0.23400000     0.66987057     0.66968299  0.00028011413
     0.23500000     0.66982056     0.66964151  0.00026738126
     0.23600000     0.66976110     0.66959049  0.00025479228
     0.23700000     0.66969229     0.66953003  0.00024234524
     0.23800000     0.66961423     0.66946023  0.00023003822
     0.23900000     0.66952700     0.66938117  0.00021786933
     0.24000000     0.66943071     0.66929294  0.00020583671
     0.24100000     0.66932543     0.66919565  0.00019393856
     0.24200000     0.66921126     0.66908937  0.00018217306
     0.24300000     0.66908829     0.66897420  0.00017053846
     0.24400000     0.66895660     0.66885023  0.00015903302
     0.24500000     0.66881628     0.66871754  0.00014765504
     0.24600000     0.66866741     0.66857622  0.00013640284
     0.24700000     0.66851009     0.66842635  0.00012527476
     0.24800000     0.66834440     0.66826803  0.00011426919
     0.24900000     0.66817041     0.66810134  0.00010338452
     0.25000000     0.66798821     0.66792635  9.2619179E-05
     0.25100000     0.66779789     0.66774316  8.1971621E-05
     0.25200000     0.66759952     0.66755183  7.1440323E-05
     0.25300000     0.66739319     0.66735247  6.1023786E-05
     0.25400000     0.66717897     0.66714513  5.0720535E-05
     0.25500000     0.66695694     0.66692991  4.0529117E-05
     0.25600000     0.66672718     0.66670688  3.0448105E-05
     0.25700000     0.66648977     0.66647612  2.0476091E-05
     0.25800000     0.66624478     0.66623771  1.0611690E-05
     0.25900000     0.66599229     0.66599172  8.5353914E-07
     0.26000000     0.66573237     0.66573823  8.7997040E-06
     0.26100000     0.66546509     0.66547731  1.8349361E-05
     0.26200000     0.66519054     0.66520903  2.7796733E-05
     0.26300000     0.66490878     0.66493348  3.7143102E-05
     0.26400000     0.66461988     0.66465072  4.6389729E-05
     0.26500000     0.66432392     0.66436082  5.5537857E-05
     0.26600000     0.66402096     0.66406385  6.4588710E-05
     0.26700000     0.66371108     0.66375990  7.3543492E-05
     0.26800000     0.66339434     0.66344901  8.2403393E-05
     0.26900000     0.66307082     0.66313127  9.1169580E-05
     0.27000000     0.66274057     0.66280675  9.9843206E-05
     0.27100000     0.66240367     0.66247550  0.00010842541
     0.27200000     0.66206018     0.66213759  0.00011691730
     0.27300000     0.66171017     0.66179310  0.00012531998
     0.27400000     0.66135370     0.66144209  0.00013363455
     0.27500000     0.66099084     0.66108462  0.00014186206
     0.27600000     0.66062165     0.66072076  0.00015000357
     0.27700000     0.66024620     0.66035057  0.00015806012
     0.27800000     0.65986454     0.65997411  0.00016603274
     0.27900000     0.65947673     0.65959145  0.00017392243
     0.28000000     0.65908285     0.65920265  0.00018173018
     0.28100000     0.65868295     0.65880776  0.00018945698
     0.28200000     0.65827709     0.65840686  0.00019710379
     0.28300000     0.65786532     0.65799999  0.00020467156
     0.28400000     0.65744771     0.65758723  0.00021216123
     0.28500000     0.65702432     0.65716862  0.00021957373
     0.28600000     0.65659520     0.65674422  0.00022690996
     0.28700000     0.65616041     0.65631410  0.00023417083
     0.28800000     0.65572001     0.65587831  0.00024135722
     0.28900000     0.65527405     0.65543691  0.00024847001
     0.29000000     0.65482259     0.65498995  0.00025551006
     0.29100000     0.65436568     0.65453748  0.00026247821
     0.29200000     0.65390338     0.65407957  0.00026937530
     0.29300000     0.65343573     0.65361626  0.00027620217
     0.29400000     0.65296280     0.65314762  0.00028295962
     0.29500000     0.65248464     0.65267369  0.00028964845
     0.29600000     0.65200130     0.65219452  0.00029626947
     0.29700000     0.65151282     0.65171017  0.00030282345
     0.29800000     0.65101927     0.65122070  0.00030931117
     0.29900000     0.65052068     0.65072614  0.00031573338
     0.30000000     0.65001712     0.65022655  0.00032209083
     0.30100000     0.64950863     0.64972199  0.00032838426
     0.30200000     0.64899526     0.64921249  0.00033461441
     0.30300000     0.64847705     0.64869812  0.00034078199
     0.30400000     0.64795407     0.64817891  0.00034688772
     0.30500000     0.64742634     0.64765492  0.00035293229
     0.30600000     0.64689393     0.64712620  0.00035891639
     0.30700000     0.64635688     0.64659278  0.00036484072
     0.30800000     0.64581523     0.64605473  0.00037070593
     0.30900000     0.64526903     0.64551207  0.00037651271
     0.31000000     0.64471833     0.64496487  0.00038226169
     0.31100000     0.64416316     0.64441316  0.00038795353
     0.31200000     0.64360358     0.64385700  0.00039358887
     0.31300000     0.64303963     0.64329641  0.00039916834
     0.31400000     0.64247135     0.64273146  0.00040469256
     0.31500000     0.64189878     0.64216217  0.00041016214
     0.31600000     0.64132198     0.64158861  0.00041557769
     0.31700000     0.64074097     0.64101079  0.00042093980
     0.31800000     0.64015580     0.64042878  0.00042624908
     0.31900000     0.63956652     0.63984261  0.00043150609
     0.32000000     0.63897316     0.63925232  0.00043671142
     0.32100000     0.63837576     0.63865796  0.00044186563
     0.32200000     0.63777437     0.63805956  0.00044696928
     0.32300000     0.63716902     0.63745717  0.00045202293
     0.32400000     0.63655976     0.63685081  0.00045702713
     0.32500000     0.63594662     0.63624055  0.00046198240
     0.32600000     0.63532964     0.63562640  0.00046688930
     0.32700000     0.63470885     0.63500842  0.00047174833
     0.32800000     0.63408431     0.63438663  0.00047656002
     0.32900000     0.63345604     0.63376109  0.00048132489
     0.33000000     0.63282409     0.63313181  0.00048604343
     0.33100000     0.63218848     0.63249885  0.00049071616
     0.33200000     0.63154925     0.63186224  0.00049534356
     0.33300000     0.63090645     0.63122201  0.00049992612
     0.33400000     0.63026010     0.63057821  0.00050446432
     0.33500000     0.62961025     0.62993085  0.00050895864
     0.33600000     0.62895692     0.62928000  0.00051340954
     0.33700000     0.62830015     0.62862566  0.00051781750
     0.33800000     0.62763998     0.62796789  0.00052218297
     0.33900000     0.62697643     0.62730671  0.00052650640
     0.34000000     0.62630955     0.62664217  0.00053078824
     0.34100000     0.62563937     0.62597428  0.00053502893
     0.34200000     0.62496591     0.62530309  0.00053922891
     0.34300000     0.62428922     0.62462863  0.00054338861
     0.34400000     0.62360931     0.62395093  0.00054750845
     0.34500000     0.62292624     0.62327003  0.00055158886
     0.34600000     0.62224002     0.62258595  0.00055563024
     0.34700000     0.62155069     0.62189872  0.00055963302
     0.34800000     0.62085828     0.62120839  0.00056359759
     0.34900000     0.62016282     0.62051497  0.00056752437
     0.35000000     0.61946433     0.61981851  0.00057141373
     0.35100000     0.61876286     0.61911902  0.00057526608
     0.35200000     0.61805843     0.61841655  0.00057908180
     0.35300000     0.61735107     0.61771111  0.00058286127
     0.35400000     0.61664081     0.61700274  0.00058660487
     0.35500000     0.61592767     0.61629148  0.00059031298
     0.35600000     0.61521169     0.61557734  0.00059398595
     0.35700000     0.61449290     0.61486035  0.00059762417
     0.35800000     0.61377132     0.61414055  0.00060122797
     0.35900000     0.61304697     0.61341797  0.00060479773
     0.36000000     0.61231990     0.61269262  0.00060833380
     0.36100000     0.61159012     0.61196454  0.00061183651
     0.36200000     0.61085766     0.61123376  0.00061530622
     0.36300000     0.61012255     0.61050030  0.00061874326
     0.36400000     0.60938482     0.60976418  0.00062214797
     0.36500000     0.60864448     0.60902544  0.00062552068
     0.36600000     0.60790158     0.60828410  0.00062886171
     0.36700000     0.60715612     0.60754019  0.00063217140
     0.36800000     0.60640815     0.60679373  0.00063545007
     0.36900000     0.60565767     0.60604475  0.00063869802
     0.37000000     0.60490472     0.60529327  0.00064191557
     0.37100000     0.60414933     0.60453932  0.00064510303
     0.37200000     0.60339151     0.60378292  0.00064826071
     0.37300000     0.60263130     0.60302410  0.00065138891
     0.37400000     0.60186870     0.60226288  0.00065448792
     0.37500000     0.60110376     0.60149928  0.00065755805
     0.37600000     0.60033649     0.60073333  0.00066059959
     0.37700000     0.59956691     0.59996505  0.00066361282
     0.37800000     0.59879505     0.59919447  0.00066659802
     0.37900000     0.59802093     0.59842160  0.00066955549
     0.38000000     0.59724457     0.59764648  0.00067248550
     0.38100000     0.59646600     0.59686912  0.00067538833
     0.38200000     0.59568524     0.59608954  0.00067826425
     0.38300000     0.59490230     0.59530777  0.00068111353
     0.38400000     0.59411722     0.59452383  0.00068393643
     0.38500000     0.59333000     0.59373774  0.00068673323
     0.38600000     0.59254068     0.59294952  0.00068950417
     0.38700000     0.59174928     0.59215920  0.00069224953
     0.38800000     0.59095581     0.59136679  0.00069496954
     0.38900000     0.59016029     0.59057231  0.00069766448
     0.39000000     0.58936275     0.58977579  0.00070033458
     0.39100000     0.58856321     0.58897725  0.00070298010
     0.39200000     0.58776168     0.58817670  0.00070560127
     0.39300000     0.58695819     0.58737417  0.00070819834
     0.39400000     0.58615276     0.58656967  0.00071077154
     0.39500000     0.58534539     0.58576323  0.00071332112
     0.39600000     0.58453613     0.58495486  0.00071584731
     0.39700000     0.58372497     0.58414459  0.00071835033
     0.39800000     0.58291195     0.58333243  0.00072083042
     0.39900000     0.58209707     0.58251840  0.00072328780
     0.40000000     0.58128037     0.58170252  0.00072572269
     0.40100000     0.58046185     0.58088481  0.00072813532
     0.40200000     0.57964153     0.58006529  0.00073052591
     0.40300000     0.57881944     0.57924397  0.00073289466
     0.40400000     0.57799559     0.57842087  0.00073524181
     0.40500000     0.57717000     0.57759601  0.00073756754
     0.40600000     0.57634268     0.57676941  0.00073987209
     0.40700000     0.57551365     0.57594109  0.00074215564
     0.40800000     0.57468293     0.57511106  0.00074441842
     0.40900000     0.57385054     0.57427934  0.00074666061
     0.41000000     0.57301649     0.57344594  0.00074888243
     0.41100000     0.57218081     0.57261088  0.00075108406
     0.41200000     0.57134349     0.57177419  0.00075326571
     0.41300000     0.57050457     0.57093587  0.00075542757
     0.41400000     0.56966406     0.57009594  0.00075756983
     0.41500000     0.56882197     0.56925442  0.00075969268
     0.41600000     0.56797831     0.56841133  0.00076179631
     0.41700000     0.56713312     0.56756667  0.00076388091
     0.41800000     0.56628639     0.56672047  0.00076594666
     0.41900000     0.56543815     0.56587274  0.00076799373
     0.42000000     0.56458841     0.56502349  0.00077002232
     0.42100000     0.56373719     0.56417275  0.00077203260
     0.42200000     0.56288449     0.56332051  0.00077402475
     0.42300000     0.56203034     0.56246681  0.00077599894
     0.42400000     0.56117475     0.56161166  0.00077795533
     0.42500000     0.56031773     0.56075506  0.00077989412
     0.42600000     0.55945930     0.55989704  0.00078181546
     0.42700000     0.55859947     0.55903760  0.00078371951
     0.42800000     0.55773826     0.55817677  0.00078560646
     0.42900000     0.55687568     0.55731455  0.00078747645
     0.43000000     0.55601174     0.55645096  0.00078932966
     0.43100000     0.55514646     0.55558602  0.00079116624
     0.43200000     0.55427984     0.55471973  0.00079298635
     0.43300000     0.55341191     0.55385211  0.00079479015
     0.43400000     0.55254268     0.55298318  0.00079657780
     0.43500000     0.55167216     0.55211294  0.00079834944
     0.43600000     0.55080036     0.55124141  0.00080010523
     0.43700000     0.54992729     0.55036860  0.00080184532
     0.43800000     0.54905297     0.54949453  0.00080356987
     0.43900000     0.54817741     0.54861920  0.00080527901
     0.44000000     0.54730062     0.54774264  0.00080697289
     0.44100000     0.54642262     0.54686484  0.00080865166
     0.44200000     0.54554341     0.54598583  0.00081031547
     0.44300000     0.54466302     0.54510562  0.00081196445
     0.44400000     0.54378144     0.54422422  0.00081359874
     0.44500000     0.54289869     0.54334164  0.00081521848
     0.44600000     0.54201479     0.54245789  0.00081682382
     0.44700000     0.54112975     0.54157298  0.00081841488
     0.44800000     0.54024357     0.54068693  0.00081999179
     0.44900000     0.53935627     0.53979974  0.00082155471
     0.45000000     0.53846785     0.53891143  0.00082310374
     0.45100000     0.53757834     0.53802202  0.00082463904
     0.45200000     0.53668774     0.53713150  0.00082616072
     0.45300000     0.53579606     0.53623989  0.00082766891
     0.45400000     0.53490331     0.53534721  0.00082916374
     0.45500000     0.53400951     0.53445345  0.00083064533
     0.45600000     0.53311466     0.53355864  0.00083211382
     0.45700000     0.53221878     0.53266279  0.00083356931
     0.45800000     0.53132187     0.53176590  0.00083501194
     0.45900000     0.53042394     0.53086798  0.00083644182
     0.46000000     0.52952501     0.52996905  0.00083785908
     0.46100000     0.52862508     0.52906911  0.00083926382
     0.46200000     0.52772417     0.52816818  0.00084065617
     0.46300000     0.52682228     0.52726626  0.00084203625
     0.46400000     0.52591943     0.52636337  0.00084340416
     0.46500000     0.52501562     0.52545951  0.00084476002
     0.46600000     0.52411087     0.52455469  0.00084610394
     0.46700000     0.52320517     0.52364893  0.00084743604
     0.46800000     0.52229855     0.52274223  0.00084875642
     0.46900000     0.52139101     0.52183461  0.00085006519
     0.47000000     0.52048256     0.52092606  0.00085136247
     0.47100000     0.51957321     0.52001661  0.00085264835
     0.47200000     0.51866297     0.51910625  0.00085392294
     0.47300000     0.51775185     0.51819500  0.00085518635
     0.47400000     0.51683985     0.51728287  0.00085643868
     0.47500000     0.51592699     0.51636987  0.00085768003
     0.47600000     0.51501327     0.51545600  0.00085891051
     0.47700000     0.51409870     0.51454128  0.00086013021
     0.47800000     0.51318330     0.51362570  0.00086133923
     0.47900000     0.51226706     0.51270929  0.00086253768
     0.48000000     0.51135000     0.51179204  0.00086372565
     0.48100000     0.51043212     0.51087398  0.00086490323
     0.48200000     0.50951344     0.50995510  0.00086607053
     0.48300000     0.50859396     0.50903541  0.00086722764
     0.48400000     0.50767369     0.50811492  0.00086837464
     0.48500000     0.50675263     0.50719364  0.00086951164
     0.48600000     0.50583080     0.50627158  0.00087063873
     0.48700000     0.50490820     0.50534874  0.00087175599
     0.48800000     0.50398485     0.50442514  0.00087286352
     0.48900000     0.50306074     0.50350078  0.00087396140
     0.49000000     0.50213588     0.50257566  0.00087504973
     0.49100000     0.50121029     0.50164980  0.00087612860
     0.49200000     0.50028397     0.50072321  0.00087719808
     0.49300000     0.49935693     0.49979588  0.00087825826
     0.49400000     0.49842917     0.49886783  0.00087930924
     0.49500000     0.49750070     0.49793906  0.00088035108
     0.49600000     0.49657153     0.49700959  0.00088138389
     0.49700000     0.49564167     0.49607942  0.00088240773
     0.49800000     0.49471112     0.49514855  0.00088342270
     0.49900000     0.49377989     0.49421699  0.00088442887
     0.50000000     0.49284799     0.49328475  0.00088542632
     0.50100000     0.49191541     0.49235184  0.00088641513
     0.50200000     0.49098218     0.49141826  0.00088739539
     0.50300000     0.49004830     0.49048403  0.00088836716
     0.50400000     0.48911376     0.48954913  0.00088933053
     0.50500000     0.48817859     0.48861359  0.00089028557
     0.50600000     0.48724278     0.48767741  0.00089123235
     0.50700000     0.48630634     0.48674060  0.00089217096
     0.50800000     0.48536928     0.48580315  0.00089310147
     0.50900000     0.48443161     0.48486509  0.00089402394
     0.51000000     0.48349332     0.48392641  0.00089493846
     0.51100000     0.48255443     0.48298712  0.00089584510
     0.51200000     0.48161495     0.48204722  0.00089674392
     0.51300000     0.48067487     0.48110673  0.00089763499
     0.51400000     0.47973421     0.48016565  0.00089851840
     0.51500000     0.47879296     0.47922398  0.00089939420
     0.51600000     0.47785115     0.47828173  0.00090026247
     0.51700000     0.47690876     0.47733890  0.00090112326
     0.51800000     0.47596581     0.47639551  0.00090197666
     0.51900000     0.47502231     0.47545156  0.00090282273
     0.52000000     0.47407825     0.47450704  0.00090366153
     0.52100000     0.47313365     0.47356198  0.00090449313
     0.52200000     0.47218850     0.47261637  0.00090531759
     0.52300000     0.47124282     0.47167022  0.00090613498
     0.52400000     0.47029661     0.47072353  0.00090694537
     0.52500000     0.46934988     0.46977632  0.00090774880
     0.52600000     0.46840262     0.46882858  0.00090854536
     0.52700000     0.46745486     0.46788032  0.00090933509
     0.52800000     0.46650658     0.46693154  0.00091011806
     0.52900000     0.46555780     0.46598226  0.00091089434
     0.53000000     0.46460851     0.46503247  0.00091166397
     0.53100000     0.46365874     0.46408218  0.00091242703
     0.53200000     0.46270848     0.46313140  0.00091318356
     0.53300000     0.46175773     0.46218013  0.00091393363
     0.53400000     0.46080650     0.46122837  0.00091467730
     0.53500000     0.45985479     0.46027614  0.00091541462
     0.53600000     0.45890262     0.45932343  0.00091614566
     0.53700000     0.45794998     0.45837025  0.00091687045
     0.53800000     0.45699688     0.45741660  0.00091758907
     0.53900000     0.45604333     0.45646250  0.00091830157
     0.54000000     0.45508932     0.45550794  0.00091900800
     0.54100000     0.45413487     0.45455292  0.00091970841
     0.54200000     0.45317997     0.45359746  0.00092040286
     0.54300000     0.45222463     0.45264156  0.00092109141
     0.54400000     0.45126886     0.45168521  0.00092177410
     0.54500000     0.45031266     0.45072844  0.00092245099
     0.54600000     0.44935604     0.44977123  0.00092312212
     0.54700000     0.44839899     0.44881360  0.00092378756
     0.54800000     0.44744153     0.44785555  0.00092444735
     0.54900000     0.44648366     0.44689708  0.00092510154
     0.55000000     0.44552537     0.44593820  0.00092575018
     0.55100000     0.44456668     0.44497891  0.00092639332
     0.55200000     0.44360759     0.44401921  0.00092703101
     0.55300000     0.44264811     0.44305912  0.00092766330
     0.55400000     0.44168823     0.44209862  0.00092829023
     0.55500000     0.44072796     0.44113774  0.00092891185
     0.55600000     0.43976731     0.44017647  0.00092952822
     0.55700000     0.43880628     0.43921481  0.00093013937
     0.55800000     0.43784487     0.43825277  0.00093074536
     0.55900000     0.43688308     0.43729035  0.00093134622
     0.56000000     0.43592093     0.43632756  0.00093194201
     0.56100000     0.43495841     0.43536440  0.00093253276
     0.56200000     0.43399553     0.43440087  0.00093311853
     0.56300000     0.43303228     0.43343698  0.00093369936
     0.56400000     0.43206869     0.43247274  0.00093427529
     0.56500000     0.43110474     0.43150813  0.00093484636
     0.56600000     0.43014044     0.43054318  0.00093541262
     0.56700000     0.42917580     0.42957788  0.00093597411
     0.56800000     0.42821082     0.42861223  0.00093653086
     0.56900000     0.42724550     0.42764624  0.00093708294
     0.57000000     0.42627984     0.42667991  0.00093763037
     0.57100000     0.42531386     0.42571325  0.00093817319
     0.57200000     0.42434754     0.42474626  0.00093871145
     0.57300000     0.42338090     0.42377894  0.00093924518
     0.57400000     0.42241394     0.42281129  0.00093977444
     0.57500000     0.42144667     0.42184332  0.00094029924
     0.57600000     0.42047907     0.42087504  0.00094081965
     0.57700000     0.41951117     0.41990644  0.00094133568
     0.57800000     0.41854295     0.41893753  0.00094184739
     0.57900000     0.41757443     0.41796830  0.00094235480
     0.58000000     0.41660561     0.41699878  0.00094285797
     0.58100000     0.41563648     0.41602895  0.00094335692
     0.58200000     0.41466706     0.41505882  0.00094385169
     0.58300000     0.41369735     0.41408839  0.00094434231
     0.58400000     0.41272735     0.41311767  0.00094482884
     0.58500000     0.41175705     0.41214666  0.00094531129
     0.58600000     0.41078648     0.41117536  0.00094578971
     0.58700000     0.40981562     0.41020378  0.00094626413
     0.58800000     0.40884448     0.40923191  0.00094673459
     0.58900000     0.40787306     0.40825976  0.00094720112
     0.59000000     0.40690137     0.40728734  0.00094766375
     0.59100000     0.40592941     0.40631464  0.00094812252
     0.59200000     0.40495718     0.40534168  0.00094857747
     0.59300000     0.40398468     0.40436844  0.00094902862
     0.59400000     0.40301192     0.40339494  0.00094947601
     0.59500000     0.40203890     0.40242117  0.00094991968
     0.59600000     0.40106563     0.40144715  0.00095035965
     0.59700000     0.40009209     0.40047286  0.00095079596
     0.59800000     0.39911831     0.39949832  0.00095122863
     0.59900000     0.39814427     0.39852353  0.00095165771
     0.60000000     0.39716999     0.39754849  0.00095208322
     0.60100000     0.39619546     0.39657320  0.00095250519
     0.60200000     0.39522069     0.39559766  0.00095292366
     0.60300000     0.39424567     0.39462188  0.00095333865
     0.60400000     0.39327042     0.39364586  0.00095375020
     0.60500000     0.39229494     0.39266960  0.00095415833
     0.60600000     0.39131922     0.39169311  0.00095456308
     0.60700000     0.39034326     0.39071638  0.00095496447
     0.60800000     0.38936708     0.38973943  0.00095536253
     0.60900000     0.38839068     0.38876224  0.00095575729
     0.61000000     0.38741405     0.38778483  0.00095614879
     0.61100000     0.38643719     0.38680719  0.00095653704
     0.61200000     0.38546012     0.38582933  0.00095692208
     0.61300000     0.38448283     0.38485125  0.00095730394
     0.61400000     0.38350532     0.38387295  0.00095768263
     0.61500000     0.38252760     0.38289444  0.00095805820
     0.61600000     0.38154967     0.38191571  0.00095843066
     0.61700000     0.38057153     0.38093678  0.00095880005
     0.61800000     0.37959319     0.37995763  0.00095916639
     0.61900000     0.37861463     0.37897828  0.00095952970
     0.62000000     0.37763588     0.37799872  0.00095989002
     0.62100000     0.37665692     0.37701896  0.00096024737
     0.62200000     0.37567777     0.37603899  0.00096060177
     0.62300000     0.37469842     0.37505883  0.00096095325
     0.62400000     0.37371887     0.37407847  0.00096130183
     0.62500000     0.37273913     0.37309792  0.00096164755
     0.62600000     0.37175920     0.37211717  0.00096199042
     0.62700000     0.37077908     0.37113624  0.00096233047
     0.62800000     0.36979877     0.37015511  0.00096266772
     0.62900000     0.36881828     0.36917380  0.00096300220
     0.63000000     0.36783761     0.36819230  0.00096333394
     0.63100000     0.36685675     0.36721061  0.00096366295
     0.63200000     0.36587571     0.36622875  0.00096398925
     0.63300000     0.36489449     0.36524670  0.00096431288
     0.63400000     0.36391310     0.36426448  0.00096463386
     0.63500000     0.36293153     0.36328208  0.00096495220
     0.63600000     0.36194979     0.36229951  0.00096526793
     0.63700000     0.36096788     0.36131676  0.00096558107
     0.63800000     0.35998580     0.36033384  0.00096589165
     0.63900000     0.35900355     0.35935075  0.00096619969
     0.64000000     0.35802113     0.35836750  0.00096650521
     0.64100000     0.35703855     0.35738408  0.00096680823
     0.64200000     0.35605581     0.35640049  0.00096710877
     0.64300000     0.35507291     0.35541674  0.00096740685
     0.64400000     0.35408985     0.35443283  0.00096770250
     0.64500000     0.35310662     0.35344876  0.00096799573
     0.64600000     0.35212325     0.35246453  0.00096828657
     0.64700000     0.35113971     0.35148015  0.00096857503
     0.64800000     0.35015603     0.35049561  0.00096886114
     0.64900000     0.34917219     0.34951092  0.00096914492
     0.65000000     0.34818820     0.34852607  0.00096942639
     0.65100000     0.34720406     0.34754108  0.00096970556
     0.65200000     0.34621978     0.34655593  0.00096998246
     0.65300000     0.34523535     0.34557064  0.00097025711
     0.65400000     0.34425077     0.34458520  0.00097052952
     0.65500000     0.34326605     0.34359962  0.00097079971
     0.65600000     0.34228120     0.34261390  0.00097106771
     0.65700000     0.34129620     0.34162803  0.00097133353
     0.65800000     0.34031106     0.34064202  0.00097159718
     0.65900000     0.33932578     0.33965588  0.00097185870
     0.66000000     0.33834037     0.33866960  0.00097211810
     0.66100000     0.33735482     0.33768318  0.00097237539
     0.66200000     0.33636914     0.33669662  0.00097263059
     0.66300000     0.33538333     0.33570994  0.00097288372
     0.66400000     0.33439739     0.33472312  0.00097313481
     0.66500000     0.33341132     0.33373617  0.00097338386
     0.66600000     0.33242512     0.33274909  0.00097363089
     0.66700000     0.33143879     0.33176188  0.00097387592
     0.66800000     0.33045234     0.33077455  0.00097411897
     0.66900000     0.32946576     0.32978709  0.00097436005
     0.67000000     0.32847906     0.32879951  0.00097459919
     0.67100000     0.32749224     0.32781180  0.00097483639
     0.67200000     0.32650529     0.32682397  0.00097507168
     0.67300000     0.32551823     0.32583602  0.00097530506
     0.67400000     0.32453105     0.32484795  0.00097553657
     0.67500000     0.32354375     0.32385977  0.00097576620
     0.67600000     0.32255634     0.32287146  0.00097599399
     0.67700000     0.32156881     0.32188304  0.00097621993
     0.67800000     0.32058117     0.32089451  0.00097644406
     0.67900000     0.31959342     0.31990586  0.00097666638
     0.68000000     0.31860555     0.31891710  0.00097688692
     0.68100000     0.31761757     0.31792822  0.00097710567
     0.68200000     0.31662949     0.31693924  0.00097732267
     0.68300000     0.31564130     0.31595015  0.00097753792
     0.68400000     0.31465300     0.31496095  0.00097775145
     0.68500000     0.31366459     0.31397164  0.00097796325
     0.68600000     0.31267608     0.31298223  0.00097817336
     0.68700000     0.31168746     0.31199271  0.00097838178
     0.68800000     0.31069875     0.31100309  0.00097858853
     0.68900000     0.30970993     0.31001337  0.00097879362
     0.69000000     0.30872101     0.30902354  0.00097899706
     0.69100000     0.30773199     0.30803361  0.00097919888
     0.69200000     0.30674287     0.30704359  0.00097939908
     0.69300000     0.30575365     0.30605346  0.00097959768
     0.69400000     0.30476434     0.30506324  0.00097979468
     0.69500000     0.30377493     0.30407292  0.00097999011
     0.69600000     0.30278543     0.30308250  0.00098018398
     0.69700000     0.30179583     0.30209199  0.00098037630
     0.69800000     0.30080614     0.30110139  0.00098056708
     0.69900000     0.29981635     0.30011069  0.00098075634
     0.70000000     0.29882648     0.29911990  0.00098094409
     0.70100000     0.29783651     0.29812902  0.00098113034
     0.70200000     0.29684646     0.29713805  0.00098131511
     0.70300000     0.29585632     0.29614698  0.00098149840
     0.70400000     0.29486609     0.29515583  0.00098168023
     0.70500000     0.29387577     0.29416460  0.00098186061
     0.70600000     0.29288537     0.29317327  0.00098203956
     0.70700000     0.29189488     0.29218186  0.00098221708
     0.70800000     0.29090431     0.29119037  0.00098239319
     0.70900000     0.28991365     0.29019879  0.00098256790
     0.71000000     0.28892291     0.28920713  0.00098274123
     0.71100000     0.28793209     0.28821538  0.00098291317
     0.71200000     0.28694119     0.28722356  0.00098308375
     0.71300000     0.28595021     0.28623165  0.00098325298
     0.71400000     0.28495915     0.28523966  0.00098342086
     0.71500000     0.28396801     0.28424760  0.00098358742
     0.71600000     0.28297680     0.28325545  0.00098375265
     0.71700000     0.28198551     0.28226323  0.00098391657
     0.71800000     0.28099414     0.28127093  0.00098407920
     0.71900000     0.28000269     0.28027855  0.00098424053
     0.72000000     0.27901117     0.27928610  0.00098440060
     0.72100000     0.27801958     0.27829358  0.00098455939
     0.72200000     0.27702791     0.27730098  0.00098471693
     0.72300000     0.27603617     0.27630830  0.00098487323
     0.72400000     0.27504436     0.27531556  0.00098502829
     0.72500000     0.27405248     0.27432274  0.00098518213
     0.72600000     0.27306053     0.27332985  0.00098533475
     0.72700000     0.27206851     0.27233689  0.00098548617
     0.72800000     0.27107642     0.27134387  0.00098563639
     0.72900000     0.27008426     0.27035077  0.00098578544
     0.73000000     0.26909203     0.26935760  0.00098593330
     0.73100000     0.26809974     0.26836437  0.00098608001
     0.73200000     0.26710738     0.26737107  0.00098622556
     0.73300000     0.26611496     0.26637770  0.00098636996
     0.73400000     0.26512247     0.26538427  0.00098651323
     0.73500000     0.26412991     0.26439078  0.00098665538
     0.73600000     0.26313730     0.26339722  0.00098679640
     0.73700000     0.26214462     0.26240359  0.00098693632
     0.73800000     0.26115187     0.26140990  0.00098707515
     0.73900000     0.26015907     0.26041615  0.00098721288
     0.74000000     0.25916620     0.25942234  0.00098734953
     0.74100000     0.25817328     0.25842847  0.00098748511
     0.74200000     0.25718029     0.25743454  0.00098761963
     0.74300000     0.25618724     0.25644054  0.00098775310
     0.74400000     0.25519414     0.25544649  0.00098788553
     0.74500000     0.25420098     0.25445238  0.00098801691
     0.74600000     0.25320776     0.25345821  0.00098814727
     0.74700000     0.25221448     0.25246399  0.00098827661
     0.74800000     0.25122115     0.25146970  0.00098840495
     0.74900000     0.25022776     0.25047536  0.00098853227
     0.75000000     0.24923431     0.24948097  0.00098865861
     0.75100000     0.24824081     0.24848651  0.00098878396
     0.75200000     0.24724726     0.24749201  0.00098890833
     0.75300000     0.24625365     0.24649745  0.00098903174
     0.75400000     0.24525999     0.24550283  0.00098915418
     0.75500000     0.24426628     0.24450817  0.00098927567
     0.75600000     0.24327252     0.24351345  0.00098939621
     0.75700000     0.24227870     0.24251868  0.00098951582
     0.75800000     0.24128483     0.24152385  0.00098963450
     0.75900000     0.24029091     0.24052898  0.00098975225
     0.76000000     0.23929695     0.23953405  0.00098986910
     0.76100000     0.23830293     0.23853908  0.00098998503
     0.76200000     0.23730886     0.23754405  0.00099010006
     0.76300000     0.23631475     0.23654898  0.00099021421
     0.76400000     0.23532058     0.23555386  0.00099032746
     0.76500000     0.23432637     0.23455869  0.00099043984
     0.76600000     0.23333211     0.23356347  0.00099055135
     0.76700000     0.23233781     0.23256820  0.00099066200
     0.76800000     0.23134346     0.23157289  0.00099077179
     0.76900000     0.23034906     0.23057753  0.00099088074
     0.77000000     0.22935462     0.22958213  0.00099098884
     0.77100000     0.22836013     0.22858668  0.00099109610
     0.77200000     0.22736560     0.22759119  0.00099120254
     0.77300000     0.22637102     0.22659565  0.00099130816
     0.77400000     0.22537641     0.22560007  0.00099141296
     0.77500000     0.22438174     0.22460444  0.00099151695
     0.77600000     0.22338704     0.22360877  0.00099162014
     0.77700000     0.22239229     0.22261306  0.00099172254
     0.77800000     0.22139750     0.22161731  0.00099182415
     0.77900000     0.22040267     0.22062151  0.00099192498
     0.78000000     0.21940780     0.21962568  0.00099202503
     0.78100000     0.21841289     0.21862980  0.00099212432
     0.78200000     0.21741794     0.21763388  0.00099222284
     0.78300000     0.21642295     0.21663792  0.00099232060
     0.78400000     0.21542792     0.21564192  0.00099241762
     0.78500000     0.21443285     0.21464589  0.00099251389
     0.78600000     0.21343774     0.21364981  0.00099260942
     0.78700000     0.21244259     0.21265370  0.00099270422
     0.78800000     0.21144741     0.21165754  0.00099279829
     0.78900000     0.21045219     0.21066135  0.00099289165
     0.79000000     0.20945693     0.20966512  0.00099298429
     0.79100000     0.20846163     0.20866886  0.00099307622
     0.79200000     0.20746630     0.20767255  0.00099316745
     0.79300000     0.20647093     0.20667622  0.00099325798
     0.79400000     0.20547553     0.20567984  0.00099334783
     0.79500000     0.20448009     0.20468343  0.00099343698
     0.79600000     0.20348462     0.20368699  0.00099352546
     0.79700000     0.20248911     0.20269050  0.00099361326
     0.79800000     0.20149357     0.20169399  0.00099370039
     0.79900000     0.20049799     0.20069744  0.00099378686
     0.80000000     0.19950238     0.19970086  0.00099387267
     0.80100000     0.19850674     0.19870424  0.00099395783
     0.80200000     0.19751106     0.19770759  0.00099404234
     0.80300000     0.19651535     0.19671091  0.00099412621
     0.80400000     0.19551961     0.19571419  0.00099420945
     0.80500000     0.19452384     0.19471745  0.00099429205
     0.80600000     0.19352803     0.19372067  0.00099437402
     0.80700000     0.19253220     0.19272385  0.00099445537
     0.80800000     0.19153633     0.19172701  0.00099453611
     0.80900000     0.19054044     0.19073014  0.00099461624
     0.81000000     0.18954451     0.18973323  0.00099469575
     0.81100000     0.18854855     0.18873630  0.00099477467
     0.81200000     0.18755256     0.18773934  0.00099485299
     0.81300000     0.18655655     0.18674234  0.00099493072
     0.81400000     0.18556050     0.18574532  0.00099500786
     0.81500000     0.18456443     0.18474827  0.00099508442
     0.81600000     0.18356832     0.18375118  0.00099516040
     0.81700000     0.18257219     0.18275407  0.00099523581
     0.81800000     0.18157603     0.18175694  0.00099531065
     0.81900000     0.18057984     0.18075977  0.00099538492
     0.82000000     0.17958363     0.17976257  0.00099545864
     0.82100000     0.17858739     0.17876535  0.00099553180
     0.82200000     0.17759112     0.17776810  0.00099560442
     0.82300000     0.17659482     0.17677083  0.00099567648
     0.82400000     0.17559850     0.17577353  0.00099574801
     0.82500000     0.17460215     0.17477620  0.00099581900
     0.82600000     0.17360578     0.17377884  0.00099588945
     0.82700000     0.17260938     0.17278146  0.00099595938
     0.82800000     0.17161295     0.17178405  0.00099602878
     0.82900000     0.17061650     0.17078662  0.00099609767
     0.83000000     0.16962003     0.16978917  0.00099616603
     0.83100000     0.16862353     0.16879168  0.00099623389
     0.83200000     0.16762700     0.16779418  0.00099630124
     0.83300000     0.16663046     0.16679665  0.00099636808
     0.83400000     0.16563388     0.16579909  0.00099643443
     0.83500000     0.16463729     0.16480151  0.00099650028
     0.83600000     0.16364067     0.16380391  0.00099656564
     0.83700000     0.16264403     0.16280628  0.00099663051
     0.83800000     0.16164736     0.16180864  0.00099669490
     0.83900000     0.16065067     0.16081096  0.00099675881
     0.84000000     0.15965396     0.15981327  0.00099682224
     0.84100000     0.15865723     0.15881555  0.00099688521
     0.84200000     0.15766048     0.15781781  0.00099694770
     0.84300000     0.15666370     0.15682005  0.00099700973
     0.84400000     0.15566690     0.15582227  0.00099707130
     0.84500000     0.15467008     0.15482446  0.00099713241
     0.84600000     0.15367324     0.15382664  0.00099719307
     0.84700000     0.15267638     0.15282879  0.00099725328
     0.84800000     0.15167950     0.15183092  0.00099731304
     0.84900000     0.15068259     0.15083303  0.00099737236
     0.85000000     0.14968567     0.14983512  0.00099743124
     0.85100000     0.14868873     0.14883719  0.00099748969
     0.85200000     0.14769176     0.14783924  0.00099754770
     0.85300000     0.14669478     0.14684127  0.00099760529
     0.85400000     0.14569778     0.14584328  0.00099766245
     0.85500000     0.14470076     0.14484527  0.00099771919
     0.85600000     0.14370372     0.14384724  0.00099777551
     0.85700000     0.14270666     0.14284920  0.00099783141
     0.85800000     0.14170958     0.14185113  0.00099788690
     0.85900000     0.14071248     0.14085304  0.00099794199
     0.86000000     0.13971536     0.13985494  0.00099799667
     0.86100000     0.13871823     0.13885682  0.00099805095
     0.86200000     0.13772108     0.13785867  0.00099810483
     0.86300000     0.13672391     0.13686052  0.00099815831
     0.86400000     0.13572672     0.13586234  0.00099821140
     0.86500000     0.13472951     0.13486414  0.00099826410
     0.86600000     0.13373229     0.13386593  0.00099831642
     0.86700000     0.13273505     0.13286770  0.00099836835
     0.86800000     0.13173779     0.13186946  0.00099841990
     0.86900000     0.13074052     0.13087119  0.00099847108
     0.87000000     0.12974323     0.12987291  0.00099852188
     0.87100000     0.12874592     0.12887462  0.00099857231
     0.87200000     0.12774860     0.12787630  0.00099862237
     0.87300000     0.12675126     0.12687797  0.00099867207
     0.87400000     0.12575391     0.12587963  0.00099872140
     0.87500000     0.12475654     0.12488126  0.00099877037
     0.87600000     0.12375915     0.12388289  0.00099881899
     0.87700000     0.12276175     0.12288449  0.00099886726
     0.87800000     0.12176433     0.12188608  0.00099891517
     0.87900000     0.12076690     0.12088766  0.00099896273
     0.88000000     0.11976945     0.11988922  0.00099900995
     0.88100000     0.11877199     0.11889076  0.00099905683
     0.88200000     0.11777451     0.11789229  0.00099910336
     0.88300000     0.11677702     0.11689381  0.00099914956
     0.88400000     0.11577951     0.11589531  0.00099919543
     0.88500000     0.11478199     0.11489680  0.00099924096
     0.88600000     0.11378445     0.11389827  0.00099928616
     0.88700000     0.11278690     0.11289973  0.00099933104
     0.88800000     0.11178934     0.11190117  0.00099937559
     0.88900000     0.11079176     0.11090260  0.00099941982
     0.89000000     0.10979417     0.10990402  0.00099946373
     0.89100000     0.10879657     0.10890542  0.00099950732
     0.89200000     0.10779895     0.10790681  0.00099955060
     0.89300000     0.10680132     0.10690818  0.00099959356
     0.89400000     0.10580368     0.10590955  0.00099963622
     0.89500000     0.10480602     0.10491090  0.00099967857
     0.89600000     0.10380835     0.10391223  0.00099972062
     0.89700000     0.10281067     0.10291356  0.00099976236
     0.89800000     0.10181297     0.10191487  0.00099980381
     0.89900000     0.10081526     0.10091616  0.00099984496
     0.90000000    0.099817544    0.099917450  0.00099988581
     0.90100000    0.098819812    0.098918723  0.00099992637
     0.90200000    0.097822068    0.097919985  0.00099996664
     0.90300000    0.096824312    0.096921234   0.0010000066
     0.90400000    0.095826544    0.095922471   0.0010000463
     0.90500000    0.094828764    0.094923696   0.0010000857
     0.90600000    0.093830973    0.093924909   0.0010001249
     0.90700000    0.092833170    0.092926111   0.0010001637
     0.90800000    0.091835356    0.091927302   0.0010002023
     0.90900000    0.090837530    0.090928480   0.0010002406
     0.91000000    0.089839693    0.089929648   0.0010002786
     0.91100000    0.088841846    0.088930805   0.0010003164
     0.91200000    0.087843987    0.087931950   0.0010003538
     0.91300000    0.086846117    0.086933085   0.0010003911
     0.91400000    0.085848237    0.085934208   0.0010004280
     0.91500000    0.084850346    0.084935321   0.0010004647
     0.91600000    0.083852445    0.083936423   0.0010005011
     0.91700000    0.082854533    0.082937515   0.0010005373
     0.91800000    0.081856611    0.081938597   0.0010005732
     0.91900000    0.080858679    0.080939668   0.0010006089
     0.92000000    0.079860736    0.079940729   0.0010006443
     0.92100000    0.078862784    0.078941779   0.0010006795
     0.92200000    0.077864822    0.077942820   0.0010007144
     0.92300000    0.076866849    0.076943851   0.0010007491
     0.92400000    0.075868868    0.075944872   0.0010007835
     0.92500000    0.074870876    0.074945883   0.0010008177
     0.92600000    0.073872875    0.073946885   0.0010008516
     0.92700000    0.072874865    0.072947877   0.0010008853
     0.92800000    0.071876845    0.071948860   0.0010009188
     0.92900000    0.070878816    0.070949833   0.0010009520
     0.93000000    0.069880778    0.069950798   0.0010009850
     0.93100000    0.068882731    0.068951753   0.0010010177
     0.93200000    0.067884675    0.067952699   0.0010010503
     0.93300000    0.066886610    0.066953636   0.0010010826
     0.93400000    0.065888536    0.065954564   0.0010011147
     0.93500000    0.064890454    0.064955484   0.0010011465
     0.93600000    0.063892362    0.063956394   0.0010011781
     0.93700000    0.062894263    0.062957296   0.0010012095
     0.93800000    0.061896155    0.061958190   0.0010012407
     0.93900000    0.060898038    0.060959075   0.0010012717
     0.94000000    0.059899914    0.059959952   0.0010013025
     0.94100000    0.058901781    0.058960820   0.0010013330
     0.94200000    0.057903640    0.057961681   0.0010013633
     0.94300000    0.056905491    0.056962533   0.0010013935
     0.94400000    0.055907334    0.055963377   0.0010014234
     0.94500000    0.054909169    0.054964213   0.0010014531
     0.94600000    0.053910997    0.053965042   0.0010014826
     0.94700000    0.052912816    0.052965862   0.0010015119
     0.94800000    0.051914628    0.051966675   0.0010015409
     0.94900000    0.050916433    0.050967480   0.0010015698
     0.95000000    0.049918230    0.049968278   0.0010015985
     0.95100000    0.048920020    0.048969068   0.0010016270
     0.95200000    0.047921802    0.047969851   0.0010016553
     0.95300000    0.046923577    0.046970627   0.0010016834
     0.95400000    0.045925345    0.045971395   0.0010017113
     0.95500000    0.044927105    0.044972156   0.0010017390
     0.95600000    0.043928859    0.043972910   0.0010017665
     0.95700000    0.042930606    0.042973656   0.0010017939
     0.95800000    0.041932345    0.041974396   0.0010018210
     0.95900000    0.040934078    0.040975129   0.0010018479
     0.96000000    0.039935804    0.039975855   0.0010018747
     0.96100000    0.038937524    0.038976575   0.0010019013
     0.96200000    0.037939237    0.037977287   0.0010019277
     0.96300000    0.036940943    0.036977993   0.0010019539
     0.96400000    0.035942643    0.035978692   0.0010019800
     0.96500000    0.034944336    0.034979385   0.0010020058
     0.96600000    0.033946023    0.033980072   0.0010020315
     0.96700000    0.032947703    0.032980752   0.0010020570
     0.96800000    0.031949378    0.031981426   0.0010020824
     0.96900000    0.030951046    0.030982093   0.0010021075
     0.97000000    0.029952708    0.029982754   0.0010021325
     0.97100000    0.028954364    0.028983410   0.0010021573
     0.97200000    0.027956014    0.027984059   0.0010021820
     0.97300000    0.026957658    0.026984702   0.0010022065
     0.97400000    0.025959296    0.025985339   0.0010022308
     0.97500000    0.024960928    0.024985970   0.0010022550
     0.97600000    0.023962554    0.023986596   0.0010022790
     0.97700000    0.022964175    0.022987215   0.0010023028
     0.97800000    0.021965790    0.021987829   0.0010023264
     0.97900000    0.020967400    0.020988438   0.0010023500
     0.98000000    0.019969004    0.019989040   0.0010023733
     0.98100000    0.018970602    0.018989637   0.0010023965
     0.98200000    0.017972195    0.017990229   0.0010024195
     0.98300000    0.016973783    0.016990815   0.0010024424
     0.98400000    0.015975365    0.015991396   0.0010024651
     0.98500000    0.014976942    0.014991972   0.0010024877
     0.98600000    0.013978514    0.013992542   0.0010025101
     0.98700000    0.012980081    0.012993107   0.0010025324
     0.98800000    0.011981643    0.011993667   0.0010025545
     0.98900000    0.010983199    0.010994222   0.0010025765
     0.99000000   0.0099847505   0.0099947712   0.0010025983
     0.99100000   0.0089862970   0.0089953159   0.0010026200
     0.99200000   0.0079878386   0.0079958556   0.0010026415
     0.99300000   0.0069893753   0.0069963903   0.0010026629
     0.99400000   0.0059909072   0.0059969202   0.0010026841
     0.99500000   0.0049924343   0.0049974453   0.0010027052
     0.99600000   0.0039939567   0.0039979656   0.0010027262
     0.99700000   0.0029954744   0.0029984812   0.0010027470
     0.99800000   0.0019969875   0.0019989921   0.0010027677
     0.99900000  0.00099849604  0.00099949832   0.0010027882
      1.0000000      0.0000000  5.8885730E-18      1.0000000
      1.0000000      0.0000000  5.8885730E-18      1.0000000
